136
0 L 0 344 1
0 L 0 62 1
0 L 0 265 1
0 L 0 244 1
0 L 0 185 1
0 D 1248 344 1
0 D 1248 62 1
0 D 1248 265 1
0 D 1248 244 1
0 D 1248 185 1
29 L 0 285 1
29 D 1242 285 1
28 L 0 104 1
28 D 1234 104 1
27 L 7 64 1
27 L 7 392 1
27 D 1222 64 1
27 D 1222 392 1
26 L 0 210 1
26 L 0 47 1
26 L 0 168 1
26 D 1219 210 1
26 D 1219 47 1
26 D 1219 168 1
25 L 5 113 1
25 L 5 109 1
25 L 5 266 1
25 D 1206 113 1
25 D 1206 109 1
25 D 1206 266 1
24 L 0 10 1
24 L 0 149 1
24 L 0 287 1
24 D 1199 10 1
24 D 1199 149 1
24 D 1199 287 1
23 L 3 192 1
23 L 3 153 1
23 L 3 136 1
23 D 1195 192 1
23 D 1195 153 1
23 D 1195 136 1
22 L 0 154 1
22 L 0 2 1
22 D 1191 154 1
22 D 1191 2 1
21 L 0 262 1
21 L 0 263 1
21 D 1186 262 1
21 D 1186 263 1
20 L 3 26 1
20 L 3 106 1
20 L 3 264 1
20 D 1183 26 1
20 D 1183 106 1
20 D 1183 264 1
19 L 7 76 1
19 L 7 320 1
19 D 1182 76 1
19 D 1182 320 1
18 L 0 398 1
18 L 0 172 1
18 L 0 129 1
18 D 1176 398 1
18 D 1176 172 1
18 D 1176 129 1
17 L 1 28 1
17 L 1 359 1
17 D 1164 28 1
17 D 1164 359 1
16 L 1 349 1
16 D 1154 349 1
15 L 0 31 1
15 L 0 214 1
15 D 1147 31 1
15 D 1147 214 1
14 L 0 52 1
14 L 0 26 1
14 D 1134 52 1
14 D 1134 26 1
13 L 1 167 1
13 L 1 211 1
13 D 1121 167 1
13 D 1121 211 1
12 L 2 350 1
12 L 2 166 1
12 D 1119 350 1
12 D 1119 166 1
11 L 0 154 1
11 D 1103 154 1
10 L 0 350 1
10 L 0 126 1
10 L 0 236 1
10 D 1100 350 1
10 D 1100 126 1
10 D 1100 236 1
9 L 9 303 1
9 L 9 263 1
9 D 1098 303 1
9 D 1098 263 1
8 L 6 362 1
8 D 1088 362 1
7 L 5 188 1
7 L 5 376 1
7 L 5 65 1
7 D 1087 188 1
7 D 1087 376 1
7 D 1087 65 1
6 L 0 17 1
6 D 1072 17 1
5 L 2 384 1
5 L 2 76 1
5 L 2 290 1
5 D 1055 384 1
5 D 1055 76 1
5 D 1055 290 1
4 L 0 378 1
4 L 0 122 1
4 D 1053 378 1
4 D 1053 122 1
3 L 0 387 1
3 L 0 81 1
3 L 0 129 1
3 D 1046 387 1
3 D 1046 81 1
3 D 1046 129 1
2 L 6 142 1
2 D 1022 142 1
1 L 9 115 1
1 L 9 167 1
1 L 9 283 1
1 L 9 25 1
1 D 1009 115 1
1 D 1009 167 1
1 D 1009 283 1
1 D 1009 25 1
