94
19 L 0 910 1
19 D 799 910 1
18 L 0 218 1
18 L 0 235 1
18 L 0 780 1
18 D 791 218 1
18 D 791 235 1
18 D 791 780 1
17 L 0 727 1
17 L 0 791 1
17 L 0 486 1
17 D 785 727 1
17 D 785 791 1
17 D 785 486 1
16 L 0 70 1
16 L 0 935 1
16 L 0 659 1
16 D 775 70 1
16 D 775 935 1
16 D 775 659 1
15 L 0 541 1
15 L 0 878 1
15 L 0 89 1
15 L 0 837 1
15 D 764 541 1
15 D 764 878 1
15 D 764 89 1
15 D 764 837 1
14 L 0 225 1
14 L 0 129 1
14 D 758 225 1
14 D 758 129 1
13 L 0 806 1
13 L 0 879 1
13 D 751 806 1
13 D 751 879 1
12 L 0 896 1
12 L 0 380 1
12 D 747 896 1
12 D 747 380 1
11 L 0 827 1
11 L 0 400 1
11 L 0 448 1
11 D 746 827 1
11 D 746 400 1
11 D 746 448 1
10 L 0 790 1
10 L 0 512 1
10 D 742 790 1
10 D 742 512 1
9 L 0 100 1
9 D 735 100 1
8 L 0 388 1
8 D 731 388 1
7 L 0 478 1
7 L 0 71 1
7 L 0 78 1
7 L 0 239 1
7 D 716 478 1
7 D 716 71 1
7 D 716 78 1
7 D 716 239 1
6 L 0 601 1
6 L 0 149 1
6 L 0 459 1
6 D 712 601 1
6 D 712 149 1
6 D 712 459 1
5 L 0 615 1
5 D 706 615 1
4 L 0 389 1
4 L 0 411 1
4 D 703 389 1
4 D 703 411 1
3 L 0 966 1
3 L 0 237 1
3 L 0 181 1
3 L 0 622 1
3 D 691 966 1
3 D 691 237 1
3 D 691 181 1
3 D 691 622 1
2 L 0 789 1
2 L 0 384 1
2 D 681 789 1
2 D 681 384 1
1 L 0 735 1
1 L 0 384 1
1 D 680 735 1
1 D 680 384 1
0 L 0 954 1
0 L 0 741 1
0 D 677 954 1
0 D 677 741 1
