134
29 L 0 773 1
29 L 0 1464 1
29 D 999 773 1
29 D 999 1464 1
28 L 0 399 1
28 L 0 1759 1
28 L 0 552 1
28 D 998 399 1
28 D 998 1759 1
28 D 998 552 1
27 L 0 971 1
27 D 996 971 1
26 L 0 1896 1
26 L 0 1541 1
26 L 0 1127 1
26 D 993 1896 1
26 D 993 1541 1
26 D 993 1127 1
25 L 0 1888 1
25 L 0 412 1
25 L 0 1638 1
25 D 984 1888 1
25 D 984 412 1
25 D 984 1638 1
24 L 0 1335 1
24 D 980 1335 1
23 L 1 54 1
23 L 1 1571 1
23 D 975 54 1
23 D 975 1571 1
22 L 0 628 1
22 L 0 901 1
22 L 0 94 1
22 D 973 628 1
22 D 973 901 1
22 D 973 94 1
21 L 0 1285 1
21 D 968 1285 1
20 L 0 435 1
20 D 966 435 1
19 L 0 1231 1
19 L 0 639 1
19 D 963 1231 1
19 D 963 639 1
18 L 0 352 1
18 L 0 848 1
18 L 0 334 1
18 L 0 1037 1
18 D 962 352 1
18 D 962 848 1
18 D 962 334 1
18 D 962 1037 1
17 L 0 100 1
17 L 0 1010 1
17 D 957 100 1
17 D 957 1010 1
16 L 1 1019 1
16 L 1 71 1
16 L 1 1014 1
16 D 955 1019 1
16 D 955 71 1
16 D 955 1014 1
15 L 0 1505 1
15 L 0 763 1
15 L 0 836 1
15 D 949 1505 1
15 D 949 763 1
15 D 949 836 1
14 L 0 1969 1
14 L 0 1025 1
14 L 0 265 1
14 D 943 1969 1
14 D 943 1025 1
14 D 943 265 1
13 L 0 1853 1
13 L 0 1449 1
13 L 0 370 1
13 D 941 1853 1
13 D 941 1449 1
13 D 941 370 1
12 L 0 1204 1
12 L 0 1962 1
12 L 0 1789 1
12 D 940 1204 1
12 D 940 1962 1
12 D 940 1789 1
11 L 0 1355 1
11 D 934 1355 1
10 L 0 1854 1
10 D 927 1854 1
9 L 0 940 1
9 D 923 940 1
8 L 0 1359 1
8 L 0 1864 1
8 D 921 1359 1
8 D 921 1864 1
7 L 1 1264 1
7 L 1 97 1
7 L 1 576 1
7 D 911 1264 1
7 D 911 97 1
7 D 911 576 1
6 L 10 1106 1
6 L 10 1972 1
6 D 887 1106 1
6 D 887 1972 1
5 L 0 392 1
5 L 0 549 1
5 D 884 392 1
5 D 884 549 1
4 L 1 1306 1
4 L 1 1354 1
4 L 1 1887 1
4 D 883 1306 1
4 D 883 1354 1
4 D 883 1887 1
3 L 0 1197 1
3 L 0 420 1
3 D 873 1197 1
3 D 873 420 1
2 L 0 465 1
2 D 863 465 1
1 L 0 35 1
1 L 0 1406 1
1 D 862 35 1
1 D 862 1406 1
0 L 0 1529 1
0 L 0 931 1
0 L 0 837 1
0 L 0 479 1
0 D 861 1529 1
0 D 861 931 1
0 D 861 837 1
0 D 861 479 1
